0.00270198
0.00366223
0.00370982
0.01699335
0.02315947
0.04422180
0.00133863
0.00184789
0.00162221
0.00715684
0.00669034
0.00675787
0.00001625
0.00000906
0.00000472
0.00000243
0.00000126
0.00000068
0.00001625
0.00000906
0.00000472
0.00000243
0.00000126
0.00000068
0.03156583
0.03166444
0.02444209
0.03242631
0.07925027
0.08003946
0.02924038
0.03009494
0.02342519
0.02072640
0.01943672
0.01950418
0.02705019
0.02704324
0.01880190
0.01275013
0.01274765
0.01274699
0.02705019
0.02704324
0.01880190
0.01275013
0.01274765
0.01274699
